     1946          .          .          .          .          .          .          .          .  
     1947          .          .          .          .          .          .          .          .  
     1948   .0637126   .0321924     .06513   .1145928   .0939345   .0667267   .0317407   .0371301  
     1949   .0565002   .0298307   .0603952    .105741    .090836   .0547362   .0337146   .0296937  
     1950   .0553001   .0267936   .0586881   .0983759   .0914799   .0490445   .0361776   .0198201  
     1951   .0674527    .033618   .0699738   .1216014    .117552   .0591229   .0439603   .0232475  
     1952   .0627431   .0332264   .0652304   .1275168   .1077168   .0600307   .0357188   .0191105  
     1953   .0630298   .0348387    .065165    .162963   .1012418    .059395   .0325459   .0182283  
     1954   .0629925   .0324367   .0632042   .1314644   .1036998   .0546383   .0352322    .029155  
     1955   .0642184   .0306941   .0660606   .1362547   .1042855   .0591951   .0367926   .0315951  
     1956   .0665908   .0306832   .0701748   .1602174   .1056068   .0629914   .0404217   .0287856  
     1957     .05926   .0287446   .0599862   .1238411   .1028452   .0528933   .0318832   .0285672  
     1958   .0631934   .0309152   .0656914    .129677   .1117278   .0593228   .0382607   .0273512  
     1959   .0610242    .029038   .0596367   .1211281    .101322   .0480121   .0362691   .0281345  
     1960   .0621748   .0303102   .0596856   .1279274   .1027749   .0546159   .0315772   .0235261  
     1961   .0634679   .0319996   .0620409    .131859   .1038766   .0547813   .0344323   .0267432  
     1962    .058249   .0287898   .0584248   .1158211   .0938075   .0572815   .0354882   .0272374  
     1963    .063536   .0325486   .0646348   .1305089   .1120464   .0571035   .0346529   .0279351  
     1964   .0615753   .0294537   .0616018   .1246835   .1146682   .0545048   .0314343   .0257231  
     1965   .0621243   .0287309   .0630227   .1300975   .1146367   .0512025   .0345877   .0265386  
     1966    .061082   .0298756   .0614432   .1247362   .1073949   .0538823   .0340855   .0247686  
     1967   .0626596   .0302114   .0644398   .1275426   .1110056   .0615018   .0335893   .0285042  
     1968   .0646007   .0321019   .0651042   .1299989   .1150499   .0598329   .0303374   .0262126  
     1969   .0626776   .0313318   .0639537   .1287988    .107509   .0588607   .0345583   .0252091  
     1970   .0625517   .0321302     .06128   .1150994   .1094557   .0526986   .0312673   .0242736  
     1971   .0614354   .0313004   .0609803   .1208581   .1061228   .0498666   .0298686     .02644  
     1972          .          .          .          .          .          .          .          .  
     1973          .          .          .          .          .          .          .          .  
     1974          .          .          .          .          .          .          .          .  
     1975          .          .          .          .          .          .          .          .  
     1976   .0623907   .0281107   .0638045   .1209562   .1010413   .0561056    .032982    .021205  
     1977          .          .          .          .          .          .          .          .  
     1978          .          .          .          .          .          .          .          .  
     1979          .          .          .          .          .          .          .          .  
     1980          .          .          .          .          .          .          .          .  
     1981   .0643156   .0297373    .065542   .1201595   .1023142   .0552338   .0350386   .0176923  
     1982   .0636387   .0306239   .0661663   .1225925    .107191    .052356   .0343597   .0212885  
     1983   .0601275   .0274254   .0615787   .1134594   .0991224   .0549233   .0305153   .0150096  
     1984   .0645616   .0281863    .067662   .1250851   .1092246   .0575726   .0339592   .0190556  
     1985          .          .          .          .          .          .          .          .  
     1986   .0658769   .0294389   .0683631   .1124953   .1088843   .0603253   .0408023   .0206059  
     1987   .0645119   .0276975   .0653738   .1083571   .0986006   .0654415   .0390165   .0181918  
     1988   .0615168   .0297637   .0629028   .1123002   .1010304   .0538498   .0365671    .018958  
     1989   .0625287   .0304609   .0645308   .1095189   .1032561   .0576789   .0387727    .021097  
     1990   .0648369   .0322223   .0660056   .1131357   .1062896   .0591859   .0369964   .0209589  
     1991   .0610285   .0294681   .0627613   .1106214   .0987504   .0555265   .0397078   .0185377  
     1992   .0589185   .0282671   .0598658   .1005162   .0922779   .0557985   .0368645   .0229238  
     1993   .0580588   .0280242   .0590785   .1039813   .0904361   .0536157   .0370493   .0234693  
     1994   .0574805   .0266765   .0590327    .107014   .0931016   .0532646   .0354732   .0217565  
     1995          .          .          .          .          .          .          .          .  
     1996   .0544727   .0250106   .0544654   .0904305   .1016646   .0447333   .0339891   .0164929  
     1997   .0539103   .0245468   .0537909   .0958828   .0914526   .0499198   .0333962   .0165353  
     1998   .0530834    .024594   .0530484   .0970566   .0904799   .0468734   .0340432   .0182352  
     1999    .057702   .0272594   .0590255    .106759   .1027096       .055   .0377569   .0165441  
     2000   .0616525   .0302953   .0621529   .1114823   .1070242   .0597729   .0382574   .0192133  
     2001   .0537606   .0274407   .0537033   .0987965    .096319   .0479203   .0333974   .0160747  
     2002   .0534315   .0271309   .0536438   .0967853   .0922063   .0492819   .0343856    .018083  
     2003   .0517604   .0269395   .0517654   .0893037   .0885956   .0477064   .0335092   .0183224  
     2004   .0492948   .0256324   .0477682   .0863301   .0816741   .0433685    .030591   .0183954  
     2005   .0483214   .0238977   .0481224   .0847909   .0842053   .0449804   .0315438   .0187777  
     2006   .0433098   .0183288   .0433968    .078204   .0736754   .0423952   .0266133    .018786  
     2007   .0388872   .0159775    .038447   .0645237   .0694081   .0369451   .0246937   .0156012  
     2008   .0348233   .0151224   .0343633   .0659496   .0637883   .0295221   .0210462   .0135684  
     2009   .0343133   .0147259   .0332782   .0570803   .0652844   .0310515   .0198561   .0104436  
